[gd_scene load_steps=2 format=3 uid="uid://crwke0bl7tflv"]

[sub_resource type="BoxShape3D" id="BoxShape3D_17ncg"]
size = Vector3(1, 1.0420532, 0.17553711)

[node name="LampReal" type="StaticBody3D"]
collision_layer = 5
collision_mask = 0

[node name="CSGCombiner3D" type="CSGCombiner3D" parent="."]

[node name="CSGBox3D" type="CSGBox3D" parent="CSGCombiner3D"]
transform = Transform3D(1, 0, 0, 0, 1, 0, 0, 0, 1, 0, 0.075, 0)
size = Vector3(1, 0.15, 0.2)

[node name="CSGBox3D2" type="CSGBox3D" parent="CSGCombiner3D"]
transform = Transform3D(1, 0, 0, 0, 1, 0, 0, 0, 1, 0, 0.46951452, 0)
size = Vector3(0.1, 0.6381958, 0.1)

[node name="CSGBox3D3" type="CSGBox3D" parent="CSGCombiner3D"]
transform = Transform3D(1, 0, 0, 0, 0.9966001, -0.082390755, 0, 0.082390755, 0.9966001, 0, 0.83161426, 0.04141687)
size = Vector3(1, 0.28951415, 0.07551269)

[node name="CSGTorus3D" type="CSGTorus3D" parent="CSGCombiner3D/CSGBox3D3"]
transform = Transform3D(1, 0, 0, 0, -4.371139e-08, -1, 0, 1, -4.371139e-08, -0.4, 0, 0.04)
inner_radius = 0.0648339
outer_radius = 0.024993543

[node name="SpotLight3D" type="SpotLight3D" parent="CSGCombiner3D/CSGBox3D3/CSGTorus3D"]
transform = Transform3D(0.9659258, 1.489429e-09, 0.25881907, 0.25881907, -1.1313341e-08, -0.9659258, 1.489429e-09, 1, -1.1313341e-08, 0, 0, 0)
spot_range = 50.0
spot_attenuation = 0.5
spot_angle_attenuation = 2.1435444

[node name="OmniLight3D" type="OmniLight3D" parent="CSGCombiner3D/CSGBox3D3/CSGTorus3D"]
transform = Transform3D(1, 0, 0, 0, 1, 0, 0, 0, 1, 0, 0.056919627, -0.004705608)
omni_range = 0.275
omni_attenuation = -0.579

[node name="OmniLight3D2" type="OmniLight3D" parent="CSGCombiner3D/CSGBox3D3/CSGTorus3D"]
transform = Transform3D(1, 0, 0, 0, 1, 0, 0, 0, 1, 0, 0.023543417, -0.0019462705)
omni_range = 0.056
omni_attenuation = 0.569

[node name="CSGTorus3D2" type="CSGTorus3D" parent="CSGCombiner3D/CSGBox3D3"]
transform = Transform3D(1, 0, 0, 0, -4.371139e-08, -1, 0, 1, -4.371139e-08, -0.2, 0, 0.04)
inner_radius = 0.0648339
outer_radius = 0.024993543

[node name="SpotLight3D" type="SpotLight3D" parent="CSGCombiner3D/CSGBox3D3/CSGTorus3D2"]
transform = Transform3D(0.9961947, 1.663345e-10, 0.087155804, 0.087155804, -3.809701e-09, -0.9961947, 1.663345e-10, 1, -3.809701e-09, 0, 0, 0)
spot_range = 50.0
spot_attenuation = 0.5
spot_angle_attenuation = 2.1435444

[node name="OmniLight3D2" type="OmniLight3D" parent="CSGCombiner3D/CSGBox3D3/CSGTorus3D2"]
transform = Transform3D(1, 0, 0, 0, 1, 0, 0, 0, 1, 0, 0.056919627, -0.004705608)
omni_range = 0.275
omni_attenuation = -0.579

[node name="OmniLight3D3" type="OmniLight3D" parent="CSGCombiner3D/CSGBox3D3/CSGTorus3D2"]
transform = Transform3D(1, 0, 0, 0, 1, 0, 0, 0, 1, 0, 0.023543417, -0.0019462705)
omni_range = 0.056
omni_attenuation = 0.569

[node name="CSGTorus3D3" type="CSGTorus3D" parent="CSGCombiner3D/CSGBox3D3"]
transform = Transform3D(1, 0, 0, 0, -4.371139e-08, -1, 0, 1, -4.371139e-08, 0.2, 0, 0.04)
inner_radius = 0.0648339
outer_radius = 0.024993543

[node name="SpotLight3D" type="SpotLight3D" parent="CSGCombiner3D/CSGBox3D3/CSGTorus3D3"]
transform = Transform3D(0.9961947, -1.663345e-10, -0.087155804, -0.087155804, -3.809701e-09, -0.9961947, -1.663345e-10, 1, -3.809701e-09, 0, 0, 0)
spot_range = 50.0
spot_attenuation = 0.5
spot_angle_attenuation = 2.1435444

[node name="OmniLight3D3" type="OmniLight3D" parent="CSGCombiner3D/CSGBox3D3/CSGTorus3D3"]
transform = Transform3D(1, 0, 0, 0, 1, 0, 0, 0, 1, 0, 0.056919627, -0.004705608)
omni_range = 0.275
omni_attenuation = -0.579

[node name="OmniLight3D4" type="OmniLight3D" parent="CSGCombiner3D/CSGBox3D3/CSGTorus3D3"]
transform = Transform3D(1, 0, 0, 0, 1, 0, 0, 0, 1, 0, 0.023543417, -0.0019462705)
omni_range = 0.056
omni_attenuation = 0.569

[node name="CSGTorus3D4" type="CSGTorus3D" parent="CSGCombiner3D/CSGBox3D3"]
transform = Transform3D(1, 0, 0, 0, -4.371139e-08, -1, 0, 1, -4.371139e-08, 0.4, 0, 0.04)
inner_radius = 0.0648339
outer_radius = 0.024993543

[node name="SpotLight3D" type="SpotLight3D" parent="CSGCombiner3D/CSGBox3D3/CSGTorus3D4"]
transform = Transform3D(0.9659258, -1.489429e-09, -0.25881907, -0.25881907, -1.1313341e-08, -0.9659258, -1.489429e-09, 1, -1.1313341e-08, 0, 0, 0)
spot_range = 50.0
spot_attenuation = 0.5
spot_angle_attenuation = 2.1435444

[node name="OmniLight3D4" type="OmniLight3D" parent="CSGCombiner3D/CSGBox3D3/CSGTorus3D4"]
transform = Transform3D(1, 0, 0, 0, 1, 0, 0, 0, 1, 0, 0.056919627, -0.004705608)
omni_range = 0.275
omni_attenuation = -0.579

[node name="OmniLight3D5" type="OmniLight3D" parent="CSGCombiner3D/CSGBox3D3/CSGTorus3D4"]
transform = Transform3D(1, 0, 0, 0, 1, 0, 0, 0, 1, 0, 0.023543417, -0.0019462705)
omni_range = 0.056
omni_attenuation = 0.569

[node name="CollisionShape3D" type="CollisionShape3D" parent="."]
transform = Transform3D(1, 0, 0, 0, 1, 0, 0, 0, 1, 0, 0.52528155, 0)
shape = SubResource("BoxShape3D_17ncg")
