[gd_scene format=3 uid="uid://hrbbed1b8nj6"]

[ext_resource type="PackedScene" uid="uid://bdrhey8etboax" path="res://Scenes/Prefabs/Pickups/WeaponPickup.tscn" id="1_7u4ml"]
[ext_resource type="PackedScene" uid="uid://0fhyy4silsqv" path="res://Scenes/Prefabs/Pickups/ammo_pickup.tscn" id="2_16p8j"]
[ext_resource type="PackedScene" uid="uid://tkkxmorvt2a" path="res://Scenes/Prefabs/DestructBox.tscn" id="3_1ukdm"]
[ext_resource type="PackedScene" uid="uid://crwke0bl7tflv" path="res://Scenes/Prefabs/Turrets/Lamp.tscn" id="4_njhy2"]

[sub_resource type="ProceduralSkyMaterial" id="ProceduralSkyMaterial_fg03p"]
sky_horizon_color = Color(0.66224277, 0.6717428, 0.6867428, 1)
ground_horizon_color = Color(0.66224277, 0.6717428, 0.6867428, 1)

[sub_resource type="Sky" id="Sky_t21ke"]
sky_material = SubResource("ProceduralSkyMaterial_fg03p")

[sub_resource type="Environment" id="Environment_i4kf4"]
sky = SubResource("Sky_t21ke")
tonemap_mode = 3

[sub_resource type="StandardMaterial3D" id="StandardMaterial3D_njhy2"]
albedo_color = Color(0.33425602, 0.4646892, 0.59197414, 1)

[sub_resource type="StandardMaterial3D" id="StandardMaterial3D_i4kf4"]

[sub_resource type="CylinderMesh" id="CylinderMesh_16p8j"]
top_radius = 2.0
bottom_radius = 2.0
height = 0.2
radial_segments = 20

[node name="Level1" type="Node3D" unique_id=218894372]

[node name="WorldEnvironment" type="WorldEnvironment" parent="." unique_id=247045408]
environment = SubResource("Environment_i4kf4")

[node name="Level" type="CSGCombiner3D" parent="." unique_id=1628296400]
operation = 1
use_collision = true

[node name="Floor" type="CSGBox3D" parent="Level" unique_id=224667206]
transform = Transform3D(1, 0, 0, 0, 1, 0, 0, 0, 1, -15, 0, -8)
size = Vector3(50, 0.1, 36)
material = SubResource("StandardMaterial3D_njhy2")

[node name="Wall" type="CSGBox3D" parent="Level" unique_id=702245001]
transform = Transform3D(1, 0, 0, 0, 1, 0, 0, 0, 1, -34, 1.55, 0)
size = Vector3(1, 3, 10)
material = SubResource("StandardMaterial3D_i4kf4")

[node name="Step1" type="CSGBox3D" parent="Level" unique_id=646532802]
transform = Transform3D(1, 0, 0, 0, 1, 0, 0, 0, 1, -15, 0.25, 3.5)
size = Vector3(0.5, 0.4, 10)
material = SubResource("StandardMaterial3D_i4kf4")

[node name="Step2" type="CSGBox3D" parent="Level" unique_id=1564940540]
transform = Transform3D(1, 0, 0, 0, 1, 0, 0, 0, 1, -15.5, 0.65, 3.5)
size = Vector3(0.5, 0.4, 10)
material = SubResource("StandardMaterial3D_i4kf4")

[node name="Step3" type="CSGBox3D" parent="Level" unique_id=1127715464]
transform = Transform3D(1, 0, 0, 0, 1, 0, 0, 0, 1, -16, 1.05, 3.5)
size = Vector3(0.5, 0.4, 10)
material = SubResource("StandardMaterial3D_i4kf4")

[node name="Step4" type="CSGBox3D" parent="Level" unique_id=963746489]
transform = Transform3D(1, 0, 0, 0, 1, 0, 0, 0, 1, -16.5, 1.45, 3.5)
size = Vector3(0.5, 0.4, 10)
material = SubResource("StandardMaterial3D_i4kf4")

[node name="CSGBox3D" type="CSGBox3D" parent="Level" unique_id=1801978040]
transform = Transform3D(1, 0, 0, 0, 1, 0, 0, 0, 1, 1.5, 7.55, -25.5)
size = Vector3(17, 15, 1)

[node name="CSGMesh3D" type="CSGMesh3D" parent="Level" unique_id=706742161]
transform = Transform3D(1, 0, 0, 0, 1, 0, 0, 0, 1, -15, 0.15, -9)
mesh = SubResource("CylinderMesh_16p8j")

[node name="WeaponPickup" parent="Level" unique_id=337862873 instance=ExtResource("1_7u4ml")]
transform = Transform3D(1, 0, 0, 0, 1, 0, 0, 0, 1, -15, 0.92, -9)

[node name="AmmoPickup" parent="." unique_id=1294995413 instance=ExtResource("2_16p8j")]
transform = Transform3D(1, 0, 0, 0, 1, 0, 0, 0, 1, -7.780429, 0.5872632, -9.242054)
_weaponSlot = 1
_ammoAmount = 10

[node name="DestructBox" parent="." unique_id=594481389 instance=ExtResource("3_1ukdm")]
transform = Transform3D(0.9548853, 0, -0.29697493, 0, 1, 0, 0.29697493, 0, 0.9548853, -7.4321976, 0.05000022, -22.730654)

[node name="DestructBox2" parent="." unique_id=1342735349 instance=ExtResource("3_1ukdm")]
transform = Transform3D(-0.4608194, 0, -0.88749397, 0, 1, 0, 0.88749397, 0, -0.4608194, -8.595476, 0.05000022, -22.730654)

[node name="DestructBox3" parent="." unique_id=520294933 instance=ExtResource("3_1ukdm")]
transform = Transform3D(0.95673233, 0, -0.29096937, 0, 1, 0, 0.29096937, 0, 0.95673233, -9.753557, 0.05000022, -22.740135)

[node name="DestructBox4" parent="." unique_id=1348748237 instance=ExtResource("3_1ukdm")]
transform = Transform3D(0.98446953, 0, 0.17555574, 0, 1, 0, -0.17555574, 0, 0.98446953, -9.263397, 0.05000022, -21.678635)

[node name="DestructBox5" parent="." unique_id=61125967 instance=ExtResource("3_1ukdm")]
transform = Transform3D(0.9992461, 0, -0.038823828, 0, 1, 0, 0.038823828, 0, 0.9992461, -7.9928594, 0.05000022, -21.472336)

[node name="DestructBox6" parent="." unique_id=1550804919 instance=ExtResource("3_1ukdm")]
transform = Transform3D(0.9515462, 0, 0.30750608, 0, 1, 0, -0.30750608, 0, 0.9515462, -7.872, 1.05, -22.261)

[node name="DestructBox7" parent="." unique_id=10487625 instance=ExtResource("3_1ukdm")]
transform = Transform3D(0.9242865, 0, -0.38169965, 0, 1, 0, 0.38169965, 0, 0.9242865, -9.394, 1.05, -22.103)

[node name="LampReal" parent="." unique_id=142881511 instance=ExtResource("4_njhy2")]
transform = Transform3D(-0.65322244, 0, -0.7571661, 0, 1, 0, 0.7571661, 0, -0.65322244, 8.618217, 0, -6.3502436)
